                                                                
8 8888888888   8 8888      88     ,o888888o.    8 8888     ,88' 
8 8888         8 8888      88    8888     `88.  8 8888    ,88'  
8 8888         8 8888      88 ,8 8888       `8. 8 8888   ,88'   
8 8888         8 8888      88 88 8888           8 8888  ,88'    
8 888888888888 8 8888      88 88 8888           8 8888 ,88'     
8 8888         8 8888      88 88 8888           8 8888 88'      
8 8888         8 8888      88 88 8888           8 888888<       
8 8888         ` 8888     ,8P `8 8888       .8' 8 8888 `Y8.     
8 8888           8888   ,d8P     8888     ,88'  8 8888   `Y8.   
8 8888            `Y88888P'       `8888888P'    8 8888     `Y8. 
                                                  
`8.`8888.      ,8'  ,o888888o.     8 8888      88 
 `8.`8888.    ,8'. 8888     `88.   8 8888      88 
  `8.`8888.  ,8',8 8888       `8b  8 8888      88 
   `8.`8888.,8' 88 8888        `8b 8 8888      88 
    `8.`88888'  88 8888         88 8 8888      88 
     `8. 8888   88 8888         88 8 8888      88 
      `8 8888   88 8888        ,8P 8 8888      88 
       8 8888   `8 8888       ,8P  ` 8888     ,8P 
       8 8888    ` 8888     ,88'     8888   ,d8P  
       8 8888       `8888888P'        `Y88888P'   
